%% Wire Lists 
AWG_gauge=[0000,00,00,0,1,2,3,4,5,6,7,8,9,10,11,12,13,14,15,16,17,18,19,20,21,22,23,24,25,26,27,28,29,30,31,32];
Diameter=[11.684,10.4038,9.26592,8.25246,7.3482,6.543,5.8267,5.1892,4.6202,4.1148,3.6652,3.2639,2.90576,2.58826,2.05232,1.8288,1.62814,1.45034,1.29032,1.29032,1.15062,1.02362,.91186,.8128,.7239,.6451,.5740,.4546,.4038,.3607,.3200,.2870,.254,.226,.203];
Ohms_per_Km=[.1607,.2027,.2555,.3224,.4064,.5126,.6461,.8151,1.0276,1.2959,1.6343,2.0605,2.5981,3.2764,4.1328,5.2086,6.5698,8.282,10.443,13.173,16.61,20.943,26.407,33.292,41.984,52.939,66.780,84.197,106.17,133.85,168.82,212.87,268.4,338.49,426.73,538.25];,
Ampacity =[312,262,220,185,156,131,110,92.3,77.6,65.2,54.8,46.1,38.7,32.5,27.3,23,19.3,16.2,13.2,11.5,9.6,8.1,8.25,10.12,12.76,16.25,20.3,25.6,32.2,40.7,51.3,64.8,81.6,103,130,164];
Ft_per_pound=[20400.0,16180.0,12830.0,10180.0,8070.0,64000,5075.0,4025.0,3192.0,2531.0,2007.0,1592.0,1262.0,1001.0,794.0,629.6,499.3,396.0,314.0,249.0,167.5,156.6,124.2,98.5,78.1,62.0,49.1,39.0,30.9,24.5,19.4,15.4,12.2,9.7,7.7,6.1];
